0 11 10 12 6 5 8 9 4 1 13 7 28 29 30 2 31 32 14 33 3 34 36 35 37 27 15 26 16 25 17 24 18 20 22 23 21 19 
1 2 3 4 7 9 0 8 5 17 18 16 20 26 11 6 21 10 22 19 23 12 27 30 29 31 28 32 13 36 33 37 34 35 24 14 25 15 
2 3 1 4 7 9 8 5 17 16 18 0 20 26 21 11 22 6 10 19 23 27 12 30 29 28 31 32 13 33 36 37 34 35 24 14 25 15 
3 2 1 4 7 9 5 8 17 16 26 18 0 11 20 10 27 21 22 6 23 30 29 28 19 31 13 32 33 36 12 34 37 35 24 14 25 15 
4 3 5 9 2 8 1 7 11 0 26 10 27 30 6 29 31 13 32 28 16 36 33 37 34 35 17 12 14 18 23 20 22 21 15 19 24 25 
5 6 11 0 8 10 4 29 30 28 9 13 31 32 33 27 36 12 34 37 35 7 3 2 26 1 14 16 15 17 25 18 20 22 24 23 21 19 
6 5 11 10 12 0 8 9 13 7 29 31 28 30 33 35 34 32 37 36 4 14 27 26 1 2 3 15 16 25 17 24 18 19 23 20 22 21 
7 8 9 26 4 1 6 3 2 5 10 11 27 17 16 0 18 12 36 37 32 31 30 29 33 35 34 28 13 20 19 14 21 22 23 15 24 25 
8 9 7 10 5 6 11 4 27 26 0 3 36 1 37 2 16 32 31 30 35 33 12 34 29 28 17 13 18 14 19 15 20 21 22 23 25 24 
9 8 7 10 4 11 5 6 0 27 3 26 1 2 16 36 37 12 32 31 30 35 33 34 29 13 28 17 14 18 20 21 22 15 19 23 25 24 
10 11 6 0 9 12 8 5 13 7 37 36 35 34 32 31 33 4 30 29 28 27 14 26 3 1 2 15 16 17 25 24 18 20 23 21 22 19 
11 10 6 0 12 5 8 9 13 4 30 29 31 32 28 36 33 37 34 35 7 14 27 3 1 26 2 15 16 25 17 24 18 20 23 22 21 19 
12 14 11 6 10 0 5 13 15 28 29 30 8 31 34 33 32 35 9 36 37 7 25 4 27 1 2 3 24 26 16 23 22 19 21 17 20 18 
13 28 29 30 31 32 33 34 14 35 36 37 5 11 10 6 12 0 27 4 15 8 9 26 7 25 3 16 2 1 24 17 23 18 22 21 19 20 
14 15 13 12 28 29 30 31 33 34 32 35 11 25 6 10 36 37 5 0 24 27 4 8 9 23 26 22 21 19 7 3 20 16 2 1 18 17 
15 12 14 25 24 13 28 29 30 31 33 34 32 23 35 22 11 36 37 6 21 0 10 19 5 20 27 18 4 8 9 26 17 7 3 16 2 1 
16 17 26 27 18 3 8 7 4 2 9 20 1 37 36 19 21 22 35 32 33 34 31 5 23 30 29 28 10 13 11 6 24 0 12 14 25 15 
17 16 18 26 20 19 21 3 22 7 2 23 1 27 8 4 9 37 24 36 35 32 33 34 31 5 30 25 29 10 28 11 13 6 0 15 12 14 
18 19 17 20 21 22 23 16 2 1 24 3 26 7 25 8 27 4 9 15 36 37 35 32 33 5 34 31 30 29 10 28 11 14 13 6 0 12 
19 18 20 21 22 23 24 17 25 16 2 1 15 3 26 7 27 14 8 4 9 36 35 37 34 33 12 32 5 6 31 30 13 29 10 28 11 0 
20 21 22 23 19 18 17 24 16 25 2 1 3 26 15 27 7 4 9 8 14 36 37 35 32 33 5 34 31 30 29 10 28 11 12 13 6 0 
21 22 20 23 19 18 24 17 25 16 2 3 1 15 26 27 4 14 7 9 8 36 37 35 34 32 5 33 31 30 12 29 13 28 10 11 6 0 
22 21 23 20 19 24 18 25 17 16 2 15 3 1 26 14 4 27 7 9 8 34 35 36 33 32 37 5 12 31 30 13 29 28 10 11 6 0 
23 22 21 20 24 19 18 25 17 15 16 2 3 1 14 26 4 27 7 9 34 8 33 35 12 32 13 31 5 29 30 28 36 37 10 11 6 0 
24 25 23 22 21 19 20 15 18 14 17 12 34 13 33 16 35 31 29 32 28 30 3 2 36 37 10 11 4 26 1 6 5 27 0 7 9 8 
25 24 15 23 22 21 14 19 20 12 18 13 28 29 34 30 33 31 32 35 17 36 37 11 10 6 5 3 0 16 2 27 4 8 1 9 26 7 
26 27 16 17 7 37 8 36 4 9 35 32 34 33 31 5 30 3 29 18 28 10 2 1 13 11 6 20 0 19 21 22 23 14 12 15 24 25 
27 26 37 36 35 32 34 33 31 8 30 16 5 29 9 28 4 10 7 13 11 6 17 0 3 14 12 18 2 1 20 15 21 19 22 23 25 24 
28 29 30 31 13 33 32 34 35 36 37 14 5 6 27 11 10 12 4 0 15 8 26 9 7 3 16 25 2 1 24 17 18 23 22 20 21 19 
29 30 28 31 32 33 34 13 35 36 37 5 14 27 6 11 10 4 12 0 8 26 15 9 7 16 3 25 2 1 17 24 18 23 20 22 21 19 
30 31 29 32 28 33 34 36 35 37 13 5 27 14 6 11 10 4 8 26 12 0 9 15 7 16 3 25 2 17 1 24 18 23 20 22 21 19 
31 30 32 29 33 28 34 36 35 37 13 27 5 14 6 11 10 4 26 8 12 0 9 15 7 16 3 25 2 17 1 24 18 20 23 22 21 19 
32 31 30 33 29 34 36 35 37 28 13 27 5 6 14 10 11 26 8 4 12 9 0 15 16 7 3 25 17 2 1 24 18 20 23 22 21 19 
33 34 32 35 31 30 29 36 28 37 13 27 5 6 14 10 11 26 8 4 12 0 9 15 16 7 25 3 17 2 24 1 18 23 20 22 21 19 
34 33 35 32 31 36 37 30 29 28 13 27 5 6 14 10 11 26 12 8 4 0 9 15 16 7 25 17 3 24 2 1 18 23 22 21 20 19 
35 34 33 36 37 32 31 30 29 28 13 27 5 6 10 11 14 26 8 12 4 9 0 15 16 7 17 25 3 24 2 1 18 23 20 22 19 21 
36 37 35 32 34 33 31 30 29 27 28 13 26 5 10 6 11 8 14 4 9 16 12 0 7 15 17 3 2 25 1 18 24 20 21 22 19 23 
37 36 35 34 32 33 31 30 29 27 28 13 26 5 10 6 11 8 14 9 4 16 12 0 7 15 17 3 25 2 18 1 24 20 21 19 22 23 
