0 26 3 1 28 12 6 29 25 2 17 18 27 7 8 16 11 24 30 5 15 13 23 4 19 10 14 22 21 9 20 
1 12 25 26 0 2 28 17 3 27 18 7 8 6 29 24 11 13 30 23 16 5 19 15 10 14 22 4 9 20 21 
2 7 27 8 25 18 17 1 24 12 11 28 26 13 3 0 29 23 6 14 19 10 22 30 16 9 20 5 15 4 21 
3 26 6 0 29 28 1 12 25 2 17 30 16 27 18 7 8 5 15 24 11 4 13 23 19 21 10 14 22 9 20 
4 15 5 30 16 21 9 6 22 10 20 29 3 26 28 0 19 1 12 17 14 23 18 8 25 7 11 2 27 13 24 
5 15 30 16 4 6 29 3 21 0 26 12 28 11 9 22 1 10 17 20 18 8 7 25 2 27 19 23 24 14 13 
6 3 29 26 28 0 16 12 30 1 5 15 25 17 2 18 7 8 27 11 4 24 13 23 21 14 19 10 22 20 9 
7 8 2 18 27 17 25 24 28 1 11 12 13 26 29 3 0 23 6 14 19 10 22 16 20 5 9 15 30 4 21 
8 7 18 2 17 27 25 28 24 1 12 11 13 26 29 3 0 23 6 14 19 10 22 16 5 20 15 9 30 4 21 
9 22 10 11 20 14 23 21 4 13 19 24 15 5 16 27 2 25 7 8 18 12 1 17 30 0 26 28 3 6 29 
10 22 9 11 19 14 20 13 11 24 21 4 27 15 7 2 25 8 16 18 12 5 17 1 0 28 26 3 29 6 30 
11 10 9 25 23 12 2 7 8 13 18 24 1 17 22 28 26 0 19 6 16 3 29 30 14 27 20 5 15 21 4 
12 1 25 28 26 0 17 3 2 18 11 8 27 6 7 29 24 30 16 23 13 5 15 10 22 19 14 4 9 20 21 
13 23 24 19 14 27 2 7 10 11 8 22 25 18 17 28 1 20 9 29 12 26 0 3 6 21 16 30 4 5 15 
14 19 22 20 9 10 13 23 24 7 8 27 21 18 11 2 17 25 28 1 12 29 4 26 0 15 3 30 5 6 16 
15 5 30 4 16 6 29 21 3 0 28 12 22 26 9 11 10 20 17 1 18 8 7 25 23 2 19 27 14 24 13 
16 5 15 30 6 4 29 3 28 0 26 12 11 21 17 1 22 18 9 25 10 8 7 20 23 2 27 24 19 13 14 
17 18 8 7 28 2 25 1 27 12 26 24 29 3 0 13 11 6 23 14 16 19 5 10 15 22 30 4 20 9 21 
18 8 17 7 2 27 25 28 1 12 24 26 11 13 29 3 0 6 23 14 19 16 10 22 5 15 20 30 9 4 21 
19 22 14 10 9 20 23 13 24 21 11 27 7 8 2 18 25 17 1 4 12 28 0 26 15 5 3 16 29 30 6 
20 14 9 19 22 10 21 23 13 4 24 11 15 16 5 7 27 30 8 2 18 25 17 1 12 28 26 0 6 3 29 
21 20 9 4 22 10 15 19 5 14 16 30 23 13 24 6 11 3 0 29 27 26 2 25 7 12 8 28 1 18 17 
22 10 9 19 14 23 20 13 21 11 24 4 15 16 27 7 2 25 8 5 18 12 17 1 0 26 28 3 30 29 6 
23 13 10 22 24 19 11 14 9 20 27 7 2 25 8 18 12 17 28 1 29 21 26 0 16 3 6 30 15 4 5 
24 11 27 13 25 2 7 23 8 18 17 12 1 28 19 10 14 22 29 26 0 3 20 6 9 30 16 21 5 15 4 
25 2 27 1 7 8 18 12 17 24 26 28 11 0 3 29 13 6 23 30 19 14 10 16 22 9 5 15 20 4 21 
26 3 28 0 1 6 12 29 25 2 17 27 18 7 8 30 24 16 11 5 13 15 23 4 19 10 14 22 21 9 20 
27 2 7 25 8 18 24 17 11 1 28 13 12 26 3 29 23 0 6 14 19 10 22 9 16 30 20 5 15 4 21 
28 26 29 3 17 12 0 1 18 6 8 25 7 27 2 24 13 11 16 30 23 5 15 14 4 19 10 22 9 20 21 
29 6 3 28 26 0 12 16 17 25 1 18 7 8 30 27 2 5 15 24 11 13 4 23 14 21 19 10 22 20 9 
30 15 5 16 4 6 3 12 29 26 28 0 11 1 25 21 2 17 27 24 20 23 18 7 8 9 14 19 13 22 10 
