0 1 2 3 4 5 6 7 8 18 30 26 27 28 29 25 24 23 17 22 21 16 20 19 14 9 15 13 12 11 10 
1 0 2 3 4 5 7 6 8 18 30 28 29 27 26 25 24 23 17 22 21 16 20 19 14 9 15 13 12 11 10 
2 1 3 0 4 5 8 18 7 6 30 28 29 27 26 25 24 17 23 22 21 16 20 19 9 14 15 13 12 11 10 
3 2 1 0 4 5 18 8 7 6 30 29 28 27 26 24 25 23 17 22 21 20 19 9 16 14 15 10 13 12 11 
4 5 2 3 1 0 30 28 27 26 29 24 25 23 22 21 20 19 9 14 18 8 7 6 10 13 17 11 12 16 15 
5 4 2 3 1 0 30 27 28 26 29 24 25 23 22 21 14 20 19 9 13 10 11 12 18 8 7 6 15 17 16 
6 7 8 18 17 16 15 0 1 2 11 3 12 10 13 4 14 5 30 9 29 19 28 27 20 26 21 25 24 23 22 
7 8 6 18 17 16 15 1 0 12 11 2 3 10 13 4 14 5 30 29 9 28 27 19 26 20 25 21 24 23 22 
8 7 18 6 17 16 15 12 11 2 3 1 0 10 13 4 14 5 30 29 28 27 9 26 19 20 25 24 21 23 22 
9 19 20 21 22 23 24 25 26 27 28 29 30 14 10 13 11 5 12 4 15 16 3 17 2 6 0 1 7 8 18 
10 11 12 13 15 14 16 17 9 19 20 21 22 18 8 25 7 29 23 28 6 24 27 26 30 5 4 3 2 1 0 
11 10 12 13 15 14 16 17 9 19 20 18 8 7 21 6 22 25 29 23 28 24 27 26 30 5 4 2 1 0 3 
12 11 10 13 15 14 16 17 18 8 19 9 20 7 21 6 22 23 25 29 24 28 27 26 5 30 4 0 1 2 3 
13 12 11 14 10 15 16 17 20 19 9 21 22 25 23 18 29 24 28 8 27 26 7 5 6 30 4 0 1 2 3 
14 13 12 11 10 15 20 19 21 9 22 25 16 23 29 24 28 27 26 5 30 17 4 18 6 8 7 3 0 2 1 
15 16 11 10 12 13 17 14 8 18 7 6 9 19 20 21 22 23 24 25 29 26 28 27 1 5 2 3 0 30 4 
16 17 15 11 12 10 8 7 18 6 13 14 9 19 20 3 2 21 1 0 22 23 24 25 4 26 27 28 5 29 30 
17 16 8 18 7 6 15 12 11 10 13 14 3 2 1 0 4 9 19 20 21 22 30 23 5 24 25 29 28 26 27 
18 8 7 6 17 16 15 12 11 3 2 10 1 0 13 4 14 5 30 29 28 27 26 9 25 19 24 20 21 23 22 
19 9 20 21 22 23 24 25 26 27 28 29 30 14 10 13 5 11 12 4 15 3 16 2 17 0 1 6 7 8 18 
20 21 19 9 22 23 24 25 26 27 28 29 30 14 13 10 5 11 12 4 15 3 16 2 0 1 17 6 7 8 18 
21 20 22 19 23 9 24 25 26 27 28 29 30 14 5 13 10 11 12 4 15 3 2 0 1 16 17 6 7 8 18 
22 23 21 24 20 25 19 26 27 9 28 29 30 14 5 10 13 4 11 12 3 2 0 1 15 16 17 6 7 8 18 
23 24 22 25 26 21 27 20 28 29 19 30 9 5 14 4 10 13 11 12 3 0 2 1 15 16 17 6 7 8 18 
24 25 23 26 22 27 28 21 29 20 30 19 9 5 14 4 10 13 11 3 0 12 1 2 15 16 6 7 17 8 18 
25 24 26 23 27 28 22 29 21 30 20 19 9 5 14 4 10 13 11 0 12 3 1 2 15 16 18 6 7 8 17 
26 27 25 28 24 29 23 30 22 21 20 19 9 5 14 4 10 13 3 0 11 1 2 12 15 18 8 7 6 16 17 
27 26 28 29 25 24 30 23 22 21 20 19 9 5 14 4 10 13 3 2 0 11 1 12 18 15 8 7 6 16 17 
28 29 27 26 30 25 24 23 22 21 20 19 9 5 14 4 10 13 3 2 11 1 0 12 18 8 15 7 6 16 17 
29 28 27 30 26 25 24 23 22 21 20 19 9 5 14 4 10 13 11 3 2 1 0 12 18 15 8 7 6 17 16 
30 29 28 27 26 25 24 23 22 21 20 19 9 5 4 14 3 2 1 0 10 13 11 12 18 8 7 6 17 15 16 
