0 4 7 3 33 32 2 34 31 8 29 30 35 28 23 1 36 6 22 37 9 21 27 14 15 26 25 16 24 20 5 13 17 19 12 10 11 18 
1 23 28 22 9 29 30 8 2 31 21 32 3 20 33 4 0 7 34 10 19 35 18 36 11 17 14 15 37 6 25 5 16 27 24 26 12 13 
2 8 3 31 29 30 32 4 28 0 7 23 1 33 34 22 9 21 35 36 20 6 19 14 37 15 10 27 25 26 24 16 18 13 17 5 12 11 
3 4 2 0 32 8 31 29 30 7 33 28 23 1 34 22 35 9 21 36 6 20 37 14 15 27 19 25 26 24 10 16 13 5 17 18 12 11 
4 0 3 7 32 33 2 31 8 29 30 34 28 23 1 35 36 22 6 9 21 37 27 14 15 26 20 25 16 24 5 13 19 17 10 12 11 18 
5 17 16 11 26 27 18 6 37 19 10 36 13 12 24 25 35 20 15 14 21 34 7 33 22 9 0 4 32 3 31 23 1 28 2 30 8 29 
6 37 27 36 26 16 35 5 17 34 11 7 24 13 25 15 14 33 0 18 12 4 32 3 31 2 8 29 19 30 10 28 20 23 1 21 22 9 
7 0 33 4 34 32 3 2 8 31 35 29 30 36 28 23 6 1 37 22 27 26 14 15 9 16 21 25 24 5 17 13 20 12 19 11 18 10 
8 2 31 30 29 32 3 1 33 23 28 4 7 0 34 22 9 35 21 36 20 6 37 19 10 14 15 27 25 26 24 16 18 13 17 5 11 12 
9 22 21 1 23 20 28 10 19 29 30 8 31 2 32 3 18 33 4 0 11 7 34 17 35 5 16 26 12 36 27 13 37 14 24 15 25 6 
10 19 20 18 21 11 9 22 17 5 16 1 23 26 28 27 30 29 37 12 13 8 31 2 6 24 32 36 25 3 33 15 35 14 4 34 7 0 
11 17 18 5 16 26 10 27 19 37 6 20 12 13 24 21 36 25 15 9 14 35 22 23 34 1 28 33 7 30 29 32 0 31 8 4 2 3 
12 13 24 25 15 14 11 5 27 26 37 16 6 17 36 18 35 10 19 34 20 33 21 32 7 9 31 22 0 30 29 4 1 3 23 8 2 28 
13 24 25 12 15 14 37 27 6 26 5 36 16 11 35 17 18 34 10 33 32 19 7 31 20 0 30 29 4 21 8 3 2 9 28 23 22 1 
14 15 25 24 13 12 6 36 27 37 35 26 5 16 34 7 33 11 17 32 31 0 30 29 4 2 3 8 18 28 23 1 22 19 10 9 21 20 
15 14 25 24 13 12 6 36 37 27 35 26 5 16 34 11 7 17 33 32 31 0 30 29 4 2 8 3 18 28 23 1 19 10 22 20 9 21 
16 26 17 27 5 37 11 6 18 36 35 10 13 19 24 12 25 15 14 34 20 7 33 21 32 0 4 9 22 31 8 3 2 30 29 1 23 28 
17 5 16 11 26 18 27 37 6 19 10 36 20 13 35 12 24 25 21 15 14 34 9 22 7 33 0 1 32 23 4 28 31 3 2 8 30 29 
18 11 17 19 10 5 16 20 26 27 21 37 6 9 22 13 12 36 24 28 1 23 25 35 15 14 29 30 2 8 34 7 31 3 33 32 0 4 
19 10 20 18 21 11 9 22 17 5 16 28 1 23 26 27 29 30 2 6 37 8 31 12 13 3 24 32 25 36 4 15 33 7 0 14 35 34 
20 21 19 10 9 22 18 1 28 23 11 17 29 30 5 2 8 31 16 3 26 32 27 4 33 7 0 12 37 6 13 24 34 25 15 36 14 35 
21 20 22 9 19 23 1 28 10 29 30 18 2 8 31 3 32 11 17 4 33 0 5 7 16 34 26 27 12 13 35 37 24 6 25 14 15 36 
22 9 21 23 1 28 20 29 30 31 8 2 19 10 3 32 4 33 0 18 7 34 11 17 35 5 16 36 26 14 15 12 25 27 13 6 24 37 
23 28 1 22 30 29 31 8 9 2 21 32 3 33 20 4 0 7 34 19 10 35 18 36 11 14 15 6 25 17 37 24 5 27 13 16 26 12 
24 13 25 15 12 14 6 37 27 36 5 26 16 11 35 17 34 18 33 32 7 31 30 10 0 29 19 4 3 8 2 20 28 23 21 1 9 22 
25 24 15 14 13 12 6 37 36 27 26 5 16 35 11 17 34 33 7 32 31 18 30 0 29 4 2 8 3 19 10 28 23 20 1 22 21 9 
26 27 16 37 17 5 6 11 36 18 35 13 24 12 25 15 14 34 10 19 7 33 20 32 0 4 21 31 8 3 2 9 30 29 22 1 28 23 
27 26 37 16 6 17 36 5 35 11 18 13 34 24 12 25 14 15 7 33 10 19 32 0 4 20 31 8 3 2 30 29 21 9 1 23 28 22 
28 23 1 29 30 22 2 31 8 9 21 3 32 4 20 0 33 7 34 19 10 35 18 36 14 15 6 25 11 24 17 37 5 13 27 16 26 12 
29 30 31 2 28 8 23 32 3 1 33 4 22 0 7 9 34 21 20 35 36 19 10 6 14 15 25 37 24 27 18 13 26 16 11 12 5 17 
30 29 31 2 8 23 28 32 3 1 33 4 22 0 7 34 9 21 35 20 36 19 10 6 14 15 25 37 24 27 13 18 26 16 12 11 5 17 
31 30 29 32 2 8 3 33 23 28 4 1 7 0 34 22 9 35 21 36 20 6 14 15 37 25 19 10 24 27 13 26 16 12 18 5 17 11 
32 33 31 8 3 2 4 30 7 29 0 34 23 28 1 35 22 36 9 21 6 37 27 14 15 20 25 26 24 13 16 10 19 5 17 12 11 18 
33 32 34 7 0 4 31 8 3 2 30 29 35 36 23 28 1 6 22 37 9 27 26 21 14 15 25 24 16 13 20 5 17 12 10 19 11 18 
34 33 35 7 32 0 36 4 31 8 3 2 30 29 37 6 27 23 1 28 26 16 14 15 25 22 24 13 9 5 17 21 12 11 20 18 10 19 
35 36 34 37 33 6 7 27 32 0 26 4 31 16 8 3 2 30 29 15 14 13 24 25 5 17 23 1 12 28 11 18 22 9 10 21 19 20 
36 35 37 6 27 34 26 16 33 7 32 5 17 0 13 15 24 14 25 4 31 8 3 11 2 12 30 29 18 23 1 28 10 19 22 9 20 21 
37 27 26 36 6 16 35 17 5 34 11 13 24 25 18 15 12 33 7 14 32 0 4 10 31 8 19 3 2 30 29 20 1 23 28 21 9 22 
