0 24 23 25 22 58 57 44 56 26 64 66 67 65 55 69 68 59 54 8 7 9 71 70 10 73 28 72 60 21 11 74 20 49 75 12 50 3 19 53 13 15 43 2 18 17 14 48 63 16 52 61 62 29 51 30 31 27 32 42 41 33 36 35 39 40 34 47 37 38 4 6 5 46 45 1 
1 4 5 6 45 46 38 34 37 33 39 47 35 36 32 30 31 40 52 41 63 42 62 43 7 48 8 53 9 75 10 11 2 74 72 12 73 17 29 18 27 13 16 70 71 19 69 51 68 15 61 20 14 67 21 49 54 66 3 65 55 64 50 60 56 44 28 22 57 59 26 58 23 24 25 0 
2 48 49 3 50 47 51 46 41 45 40 39 38 1 36 37 35 0 33 34 32 4 31 16 53 17 52 30 75 22 18 5 74 13 15 12 14 19 73 11 23 10 21 9 20 8 24 72 71 7 6 70 69 68 67 66 65 64 44 54 57 58 56 55 59 25 43 26 28 60 63 62 42 27 29 61 
3 49 50 2 48 51 47 41 40 46 39 45 38 36 37 35 0 33 34 32 4 31 16 17 1 53 52 30 75 22 23 18 5 13 15 14 74 12 24 19 73 11 21 10 9 20 8 72 71 6 7 70 69 68 67 66 65 64 54 57 58 56 55 44 59 25 26 28 60 27 29 43 61 42 63 62 
4 5 1 6 38 34 37 33 35 39 32 36 30 31 52 53 8 17 10 11 9 75 12 18 13 16 7 40 74 15 19 72 73 20 14 70 71 21 69 68 67 41 66 22 23 24 65 45 64 51 29 42 27 61 46 54 62 63 50 55 47 28 60 49 43 56 3 59 26 57 2 48 58 25 44 0 
5 4 6 37 34 38 35 33 36 1 32 30 31 39 52 17 10 11 18 53 12 16 75 9 13 74 19 15 8 73 72 14 20 71 70 21 7 69 68 67 66 40 22 65 64 23 41 29 61 27 42 24 54 45 55 51 62 60 63 28 56 46 59 57 26 43 58 50 47 49 3 25 2 48 44 0 
6 5 34 33 32 35 4 31 30 52 37 36 38 18 17 12 11 53 75 13 16 19 10 74 15 72 20 73 9 14 70 21 71 8 69 68 67 7 66 1 65 39 64 22 29 54 27 61 55 23 40 60 42 56 28 24 59 57 26 41 62 58 63 43 51 25 45 46 50 44 49 3 47 2 48 0 
7 8 9 10 72 73 74 75 71 11 53 70 69 68 52 67 12 66 30 13 31 65 19 20 18 32 17 15 64 33 16 21 14 35 34 22 54 36 37 38 55 56 57 23 6 39 58 4 5 24 40 59 25 41 26 60 28 29 1 27 0 61 51 42 63 62 43 50 49 3 48 2 44 47 45 46 
8 9 7 10 73 74 72 75 71 11 53 70 69 68 12 52 67 66 13 30 19 31 20 18 15 17 65 32 21 16 64 14 33 35 22 34 36 54 37 38 55 23 56 57 6 39 58 5 4 24 40 59 25 41 26 60 28 29 27 51 1 61 0 42 63 62 43 50 49 3 48 2 44 47 45 46 
9 8 10 73 74 72 75 11 71 7 53 70 69 12 52 68 67 13 19 20 66 18 15 30 17 31 16 21 32 65 14 64 33 35 22 34 36 54 37 38 55 23 6 56 57 39 58 5 24 4 40 59 41 25 26 60 28 29 27 51 61 1 0 42 63 62 43 50 49 3 2 48 44 47 45 46 
10 73 74 11 9 72 75 71 8 53 12 70 69 7 13 52 68 19 18 20 15 17 67 30 31 16 21 66 14 32 65 64 33 35 22 34 36 54 37 38 55 23 56 57 6 39 58 5 24 4 40 59 25 41 26 60 28 29 27 61 51 1 42 0 63 62 43 50 49 3 2 48 44 47 45 46 
11 10 74 73 12 72 75 9 71 53 13 70 19 18 20 8 52 15 69 17 68 14 16 21 7 30 67 31 66 32 65 33 64 22 35 34 36 54 37 38 55 23 56 57 6 58 39 5 24 4 59 40 25 26 60 28 41 29 27 61 51 42 1 0 63 62 43 50 49 3 2 48 44 47 45 46 
12 13 11 19 18 15 20 10 17 74 14 73 75 72 16 21 53 71 9 70 52 69 68 8 31 30 67 32 66 7 22 33 65 35 64 34 36 54 37 38 23 55 57 56 6 58 39 5 24 4 59 40 25 26 60 28 41 29 27 61 51 42 1 63 62 0 43 50 49 3 2 48 44 47 45 46 
13 15 12 19 18 14 20 17 16 11 21 10 74 73 75 72 53 71 70 9 69 52 68 31 22 30 8 67 32 66 33 7 35 34 65 64 36 37 54 23 38 57 56 55 58 6 39 24 5 4 59 40 25 26 60 28 41 29 27 61 51 42 1 63 62 0 43 50 49 3 2 48 44 47 45 46 
14 15 13 12 16 19 18 20 17 21 11 10 74 75 73 72 53 71 22 70 69 52 68 9 31 67 30 32 66 8 33 35 65 64 34 7 36 37 54 57 23 58 56 38 55 6 39 24 5 59 4 40 25 60 28 26 41 29 27 61 51 42 62 63 1 43 50 0 49 3 2 48 44 47 45 46 
15 13 14 12 19 18 20 16 21 17 11 10 74 73 75 72 53 71 70 9 69 22 52 68 67 31 30 8 32 66 33 35 65 34 64 7 36 54 37 23 57 38 56 58 55 6 39 24 5 4 59 40 25 28 26 60 41 29 27 61 51 42 62 63 1 0 43 50 49 3 2 48 44 47 45 46 
16 17 18 19 13 15 20 14 21 12 11 53 75 10 74 52 73 31 72 32 30 71 9 22 33 35 70 69 34 8 68 36 67 7 37 66 38 65 64 39 23 6 54 5 57 56 55 40 58 4 24 41 59 25 26 28 60 51 27 29 61 42 1 50 49 3 62 63 0 43 2 48 44 47 45 46 
17 16 18 19 20 13 12 15 21 14 11 53 75 10 74 73 52 72 31 30 9 32 71 70 33 8 69 22 35 34 68 7 67 36 66 37 38 65 64 23 6 39 54 5 57 55 56 58 40 24 4 41 59 25 26 28 60 51 29 27 61 42 1 50 49 0 3 63 62 43 2 48 44 47 45 46 
18 19 17 16 13 20 12 15 21 14 11 10 75 74 53 73 72 52 71 9 70 31 30 69 32 8 22 68 33 67 34 35 7 66 65 36 64 37 23 6 54 38 55 57 56 39 58 5 24 4 40 59 25 26 28 41 60 29 27 51 61 42 1 63 62 50 0 43 49 3 2 48 44 47 45 46 
19 20 18 13 21 17 12 16 15 11 14 10 73 74 72 75 71 53 70 9 69 52 68 22 30 31 8 67 32 66 33 7 34 65 35 64 23 54 36 37 55 57 6 56 58 38 39 24 5 4 59 25 40 26 28 60 41 29 27 61 51 42 1 63 62 0 43 50 49 3 2 48 44 47 45 46 
20 19 21 18 13 12 17 15 16 14 11 10 72 73 71 74 70 69 75 68 9 53 22 67 52 8 66 30 31 65 32 64 7 33 34 54 35 23 55 57 56 58 36 37 6 38 24 5 39 59 4 25 26 28 60 40 41 29 27 61 42 51 63 62 0 43 1 50 49 3 44 2 48 47 45 46 
21 20 19 18 13 15 17 16 12 14 11 10 22 73 72 71 74 70 69 75 53 68 9 67 52 66 8 30 31 32 65 64 33 7 23 34 35 54 57 55 56 58 36 6 37 38 24 5 25 39 59 4 26 28 40 60 41 27 29 61 42 51 63 62 0 43 1 50 49 3 44 2 48 47 46 45 
22 21 20 15 13 23 19 12 14 18 69 16 71 17 11 70 67 73 68 72 66 74 10 75 53 9 64 65 8 52 31 32 30 7 35 54 33 57 34 56 55 58 36 37 24 38 39 40 6 59 41 25 5 4 26 28 60 0 51 29 27 61 42 63 62 50 43 49 3 2 48 1 44 47 46 45 
23 22 24 64 21 20 66 67 69 19 65 68 12 13 15 57 11 56 71 18 70 73 14 17 54 10 74 72 75 55 58 53 16 9 8 52 31 30 32 7 33 35 34 0 25 59 37 26 36 28 38 6 60 4 5 29 41 27 51 40 61 39 42 63 62 43 50 49 44 3 2 48 1 47 46 45 
24 23 0 25 22 58 57 64 66 67 69 65 13 20 15 12 10 11 68 19 73 9 71 56 74 21 70 75 53 14 18 72 17 54 55 8 52 16 31 32 30 35 33 7 59 26 34 37 38 60 28 4 6 5 36 61 29 27 51 42 62 63 50 41 44 49 40 3 43 39 2 48 1 47 46 45 
25 26 28 58 59 57 56 60 55 54 27 64 65 24 61 29 66 67 68 21 69 23 20 70 42 19 22 62 71 18 15 72 12 13 14 63 11 10 17 16 73 9 8 0 74 7 75 53 52 30 43 31 32 33 34 35 6 36 44 37 39 38 40 5 41 4 51 1 50 49 3 2 48 47 45 46 
26 28 25 60 59 27 56 61 29 57 55 58 54 42 62 64 65 63 66 67 68 69 70 24 20 43 21 23 19 71 72 15 14 12 18 13 11 22 10 73 17 9 16 74 8 7 30 75 52 6 53 31 32 33 34 0 44 35 5 36 37 38 4 39 40 1 41 51 50 49 3 45 2 48 46 47 
27 29 61 25 28 42 60 26 62 63 59 43 57 56 58 55 54 64 65 6 44 66 67 68 5 20 21 69 70 14 23 19 15 13 12 18 22 71 72 11 4 16 17 10 73 30 74 9 52 24 75 34 8 33 31 53 7 32 1 35 37 36 38 0 39 40 41 45 51 46 50 47 49 3 2 48 
28 26 60 27 29 59 61 25 56 57 58 55 42 54 62 63 64 65 66 43 67 68 69 20 70 21 23 19 71 14 15 72 13 12 18 22 11 6 10 24 73 17 16 9 74 30 8 75 7 52 53 31 44 34 33 32 5 35 36 0 37 4 38 39 1 40 41 51 50 49 45 3 2 46 48 47 
29 61 27 28 60 42 62 63 26 59 56 43 55 57 58 54 25 64 65 6 66 44 67 68 5 69 70 20 23 21 71 72 14 15 19 13 12 11 22 4 18 30 10 73 74 24 9 34 17 52 16 8 75 7 33 31 32 53 1 35 37 36 38 0 39 40 41 45 51 46 50 47 49 3 2 48 
30 31 52 32 33 53 75 34 35 74 11 10 73 12 72 9 17 18 13 71 8 36 70 19 16 37 15 20 69 7 38 68 14 21 67 6 66 65 64 39 22 5 54 55 4 56 23 57 40 58 24 59 41 60 28 26 1 25 29 51 27 61 42 50 49 63 62 3 43 0 2 48 45 44 47 46 
31 32 30 52 33 35 53 34 75 74 36 11 12 10 73 17 72 37 18 13 9 16 38 71 19 8 15 70 20 69 7 14 68 6 21 67 39 66 22 65 64 5 54 4 23 40 55 56 57 24 58 41 59 60 51 28 1 26 25 29 27 61 50 42 49 3 63 62 2 48 0 43 45 47 44 46 
32 31 33 30 35 34 52 36 53 37 75 38 74 11 17 12 10 73 72 18 16 13 9 6 19 15 71 8 70 20 14 69 7 39 21 68 67 66 22 5 65 64 4 40 54 23 55 56 24 41 57 58 59 51 60 1 28 26 25 29 27 61 50 49 42 3 2 48 63 62 43 0 45 47 46 44 
33 34 32 35 31 30 36 37 52 38 6 53 75 17 12 11 74 18 16 13 10 73 72 19 15 9 71 39 70 20 14 8 69 5 7 21 68 67 66 4 22 65 64 40 23 54 55 56 41 24 57 59 58 1 60 51 28 26 29 25 27 61 50 49 42 3 2 48 63 62 45 43 0 46 47 44 
34 33 35 32 31 36 37 30 38 6 52 53 75 12 17 13 11 18 16 74 5 39 15 72 10 73 19 71 20 70 14 9 69 8 21 68 4 67 7 66 22 65 40 64 23 54 55 41 56 24 59 57 1 58 60 51 28 26 29 27 61 25 50 49 42 3 45 2 62 63 48 43 46 0 47 44 
35 36 34 33 32 37 31 38 30 52 39 53 75 17 12 74 16 11 13 10 73 18 6 15 72 9 14 19 71 5 8 40 20 70 69 7 21 22 68 4 67 66 41 65 23 64 54 24 55 56 51 57 58 1 59 50 60 49 28 26 3 25 29 27 2 48 61 42 45 63 62 47 43 0 46 44 
36 37 35 38 39 34 33 32 31 52 30 53 40 75 74 17 12 16 73 11 13 10 9 15 5 72 14 18 8 71 6 41 19 7 70 20 69 4 22 21 68 67 66 65 64 51 23 54 55 56 57 1 24 58 50 49 59 3 60 2 48 28 26 25 29 27 61 45 42 47 0 63 62 46 43 44 
37 38 36 35 39 34 33 32 31 30 52 40 5 53 75 74 73 12 11 10 13 17 16 9 72 6 4 15 71 18 14 8 41 19 70 7 69 20 22 68 21 67 66 65 51 64 23 24 54 1 55 56 57 50 58 59 49 3 60 2 48 28 26 29 27 25 45 61 42 47 46 62 63 0 43 44 
38 37 36 39 35 34 33 32 31 40 30 52 5 53 75 4 74 41 73 12 10 11 17 13 16 9 72 15 6 71 8 18 14 70 19 7 69 20 22 68 21 67 66 51 65 64 23 1 24 54 55 50 56 49 57 3 59 58 2 48 60 28 26 29 45 27 25 61 47 42 46 62 63 0 43 44 
39 38 40 36 37 35 41 33 34 32 31 53 52 75 30 74 16 17 4 12 51 5 13 73 11 10 15 9 14 18 72 8 71 19 7 20 70 6 21 69 22 68 67 66 50 49 65 1 3 64 54 23 2 57 56 58 48 55 59 60 47 28 26 25 24 45 29 46 27 61 0 42 62 63 43 44 
40 41 39 38 36 37 51 35 33 32 34 31 53 75 16 50 52 17 30 4 74 13 73 12 15 49 22 18 11 10 9 14 5 3 8 19 72 71 7 20 21 70 6 69 2 48 68 67 66 23 1 65 64 54 47 57 58 56 55 46 59 24 25 45 60 28 26 0 29 27 61 42 62 63 43 44 
41 40 51 39 38 36 37 50 49 35 3 33 32 34 31 53 2 22 16 4 17 48 75 52 74 30 73 13 18 12 15 5 9 10 11 14 8 19 72 7 71 21 20 23 6 70 69 47 68 1 67 66 65 64 46 54 57 24 58 56 55 45 59 0 25 60 28 26 29 27 61 42 62 63 43 44 
42 63 62 29 61 43 27 28 60 26 59 56 44 55 57 54 58 25 64 6 65 66 5 67 68 69 4 70 20 23 21 71 19 72 1 14 15 13 12 11 22 18 10 73 74 30 24 9 17 16 75 52 8 34 53 7 31 33 32 35 37 36 38 0 39 40 45 41 46 51 47 50 48 2 49 3 
43 63 62 42 44 29 61 27 28 60 26 56 55 59 54 57 58 25 64 65 66 1 6 67 68 69 5 70 20 23 71 21 4 72 0 19 12 15 13 14 11 22 18 10 73 74 9 30 17 75 16 8 52 24 7 53 31 34 33 32 35 45 37 36 38 46 39 47 40 41 48 2 51 3 49 50 
44 43 45 63 46 62 42 29 27 61 28 0 60 55 26 56 54 59 57 58 64 65 25 24 23 66 67 68 1 6 69 70 20 71 21 72 19 47 12 5 13 15 11 14 22 18 10 73 74 9 30 17 75 8 4 52 16 7 53 31 34 32 33 35 48 2 37 36 38 49 3 50 39 51 40 41 
45 46 47 1 48 2 49 3 4 50 5 51 6 44 38 37 41 34 35 36 33 39 40 32 43 31 30 52 63 53 62 42 75 17 16 18 74 11 12 13 10 19 73 0 15 14 9 72 27 8 7 20 29 21 71 70 61 22 69 23 68 28 67 66 54 60 65 55 64 24 56 26 59 57 58 25 
46 45 47 48 2 49 3 1 50 51 4 5 41 40 6 44 39 38 37 34 36 35 33 32 43 31 30 0 53 16 17 52 75 74 18 22 63 73 12 13 10 11 9 15 19 14 8 62 21 23 42 20 72 7 71 70 69 27 29 24 68 67 61 66 65 64 28 54 60 55 56 57 58 26 59 25 
47 46 48 2 45 49 3 50 51 1 41 40 4 39 5 38 36 37 35 6 44 0 33 32 34 31 53 16 17 52 30 75 18 74 22 13 12 73 15 11 10 19 9 14 21 8 23 20 72 7 71 43 70 69 24 68 67 66 63 65 62 64 42 54 27 57 29 58 55 56 61 59 28 25 60 26 
48 2 49 3 50 47 46 51 45 41 40 39 1 38 36 37 35 0 33 32 34 31 4 53 16 17 52 30 75 18 22 74 5 13 12 15 19 73 11 14 10 9 23 21 8 20 72 71 7 24 6 70 69 68 67 66 44 65 64 54 57 58 55 56 43 59 25 26 28 60 63 62 42 27 29 61 
49 3 50 2 48 51 47 41 40 46 39 45 38 36 37 35 33 34 32 4 0 31 16 53 17 1 52 30 75 22 18 23 5 13 74 15 12 14 19 24 73 11 10 21 9 20 8 72 71 7 6 70 69 68 67 66 65 64 54 57 58 56 55 44 59 25 26 28 60 27 29 43 61 42 63 62 
50 49 3 2 51 48 41 47 40 46 39 45 38 36 37 35 33 34 32 4 31 16 17 53 0 23 52 22 30 75 18 24 5 13 15 14 74 12 19 11 73 21 10 1 9 20 8 72 71 6 7 70 69 68 67 66 65 64 54 57 58 56 55 59 25 44 26 28 60 27 29 61 43 42 62 63 
51 41 50 49 3 40 2 39 48 38 36 37 35 47 33 34 32 4 31 22 53 16 23 17 46 52 75 30 18 5 13 15 14 74 12 19 73 11 10 9 21 20 8 72 24 71 7 45 6 70 69 1 68 67 66 0 65 64 54 57 58 56 55 59 25 26 28 60 29 27 61 42 44 62 63 43 
52 30 53 31 75 74 32 11 10 73 72 12 9 33 71 8 17 13 35 18 70 19 34 16 7 15 69 36 20 68 14 37 67 21 66 38 65 64 22 6 39 54 55 23 5 56 57 4 40 58 24 59 41 60 28 26 25 51 29 1 27 61 42 50 49 63 62 0 3 43 2 48 44 45 47 46 
53 75 74 52 73 10 11 9 72 12 30 71 8 31 13 17 70 18 32 7 19 15 69 16 20 68 33 14 35 67 21 36 66 34 37 22 65 38 64 39 23 6 54 55 40 57 5 56 24 58 4 41 59 25 26 60 28 51 29 1 27 61 42 50 0 49 3 63 62 43 2 48 47 44 45 46 
54 55 64 56 65 66 57 67 68 58 69 70 59 71 72 11 12 60 26 10 20 73 28 13 25 74 9 15 19 8 21 75 14 52 22 7 23 18 30 53 29 31 17 16 32 61 27 33 34 24 42 35 6 36 37 63 62 38 43 5 39 4 0 44 40 41 1 51 50 49 3 2 48 45 47 46 
55 54 56 64 57 65 58 59 66 67 68 60 26 69 70 28 25 71 72 29 11 20 12 10 73 13 23 15 74 9 19 21 14 8 22 61 52 75 7 30 18 27 53 31 17 42 32 16 24 33 34 35 63 62 6 43 36 37 38 5 39 44 0 4 40 1 41 51 50 49 3 2 48 45 47 46 
56 57 55 54 58 59 64 65 60 66 28 26 67 68 25 69 70 29 71 72 20 23 12 13 15 11 61 14 27 19 10 73 21 22 74 9 18 52 8 75 30 7 42 53 17 24 31 16 32 33 34 63 62 35 43 6 36 37 38 39 0 5 44 40 4 41 1 51 50 49 3 2 48 45 47 46 
57 58 56 59 55 54 64 65 60 66 28 67 25 26 68 69 70 71 72 23 29 15 20 13 14 12 11 27 22 73 19 10 21 61 74 9 18 75 8 24 7 52 53 17 16 30 42 31 32 33 62 63 34 35 43 36 6 37 0 39 38 40 5 44 41 4 51 1 50 49 3 2 48 47 45 46 
58 57 56 59 55 54 64 60 65 25 66 26 28 67 68 69 70 71 14 15 20 72 13 23 12 29 27 61 11 19 22 21 73 10 74 24 18 9 75 8 7 17 53 52 16 30 42 31 32 62 33 63 34 35 43 36 6 0 37 39 38 40 5 44 41 4 51 1 50 49 3 2 48 47 45 46 
59 60 58 57 56 55 26 28 54 25 61 29 27 64 65 66 67 68 42 70 69 62 20 71 72 14 15 13 12 63 19 21 11 23 30 10 73 24 18 22 74 52 9 8 75 31 33 7 17 34 16 32 53 43 6 35 37 36 38 0 44 5 39 4 40 41 1 51 50 49 3 2 48 45 46 47 
60 59 28 61 26 29 58 56 57 27 55 25 54 42 62 64 63 65 66 67 68 70 69 43 20 71 72 21 14 15 19 13 23 12 11 30 24 6 18 10 22 73 74 34 52 9 8 33 17 7 16 75 31 32 53 44 5 35 37 36 38 0 4 39 1 40 41 51 50 49 45 3 2 48 46 47 
61 29 27 60 42 62 28 63 26 59 43 56 58 57 55 25 54 64 65 6 66 44 67 68 5 70 69 20 24 23 21 14 15 71 19 13 72 12 4 22 11 18 30 10 73 74 34 17 16 9 52 75 8 33 7 31 32 53 1 35 0 37 36 38 39 40 41 45 51 46 50 47 49 3 2 48 
62 63 42 61 43 29 27 60 28 26 44 59 56 57 25 55 58 54 6 64 65 5 66 1 67 68 4 69 70 24 20 23 21 14 71 19 15 13 72 12 22 11 18 10 73 74 17 16 9 30 75 52 8 0 34 53 31 7 33 32 35 37 36 38 39 45 40 46 41 47 51 48 2 50 3 49 
63 62 42 43 29 61 27 28 60 44 26 59 56 55 57 25 58 54 64 65 6 66 5 1 67 68 4 69 70 20 23 21 71 24 72 19 14 15 13 12 11 22 18 10 73 74 9 17 30 16 75 8 52 0 7 53 31 34 33 32 35 37 36 38 45 39 46 40 41 47 51 48 2 3 49 50 
64 65 66 54 67 68 55 69 70 56 71 57 72 58 73 11 10 74 12 9 8 13 20 75 15 7 22 19 53 14 21 52 23 59 18 30 31 17 16 25 32 26 60 33 28 34 24 35 6 29 36 37 61 27 38 42 5 39 4 63 62 43 40 0 41 44 1 51 50 49 3 2 48 47 45 46 
65 64 66 67 68 54 69 70 55 71 72 56 57 73 10 11 9 58 74 12 8 75 20 7 13 15 53 19 22 14 52 21 30 18 59 23 31 17 16 32 25 33 26 34 60 28 24 35 6 36 29 37 38 27 61 5 42 39 4 63 62 43 40 0 41 44 1 51 50 49 3 2 48 47 45 46 
66 67 65 68 64 69 70 71 54 72 73 10 9 11 74 55 8 12 75 20 7 13 56 57 15 53 19 21 22 58 52 14 18 30 31 17 32 23 16 33 34 59 35 25 24 37 36 26 6 60 28 38 5 29 4 39 27 61 42 40 63 62 0 43 41 1 51 44 50 49 3 2 48 47 45 46 
67 66 68 69 65 64 70 71 72 73 10 9 54 11 74 8 12 75 20 7 13 55 53 15 19 21 52 22 56 18 57 14 30 58 31 17 16 32 33 23 34 35 59 37 36 24 6 25 38 26 60 28 5 4 39 29 27 61 40 42 63 41 0 62 43 1 51 44 50 49 3 2 48 47 45 46 
68 67 69 66 70 65 71 64 72 73 10 11 9 74 8 12 75 54 7 20 13 53 15 19 52 21 55 18 14 30 22 57 56 17 31 58 16 32 33 34 23 35 59 36 37 6 38 24 25 60 26 28 5 4 39 29 27 61 40 42 41 63 62 0 43 1 51 44 50 49 3 2 48 47 45 46 
69 68 70 67 71 66 72 73 10 65 9 11 74 64 8 12 75 20 13 7 53 19 15 52 21 18 54 14 17 22 30 31 16 55 32 33 56 57 58 34 35 23 36 37 38 6 59 24 5 39 25 4 26 60 28 40 29 27 61 41 42 0 63 62 43 51 1 44 50 49 3 2 48 47 45 46 
70 69 71 68 72 67 73 10 11 66 74 9 65 12 75 8 64 53 13 20 7 19 52 15 18 21 30 14 54 17 31 16 32 22 55 33 56 57 34 35 58 23 36 37 38 6 59 24 39 5 4 60 25 26 28 40 29 27 61 41 42 63 62 0 43 1 51 44 50 49 3 2 48 47 45 46 
71 72 70 73 69 10 74 9 11 68 75 67 8 12 53 66 13 7 20 52 19 65 15 64 18 21 17 30 31 14 16 32 22 54 33 35 34 55 57 36 56 37 23 58 38 6 39 24 59 5 4 40 25 60 26 28 41 29 27 61 42 51 0 63 1 62 43 50 49 3 44 2 48 47 45 46 
72 73 71 10 74 11 70 9 75 69 53 12 8 68 52 67 13 7 66 19 20 18 15 30 17 31 65 21 64 14 16 32 33 22 35 54 34 36 55 37 57 56 38 23 58 6 39 5 24 59 4 40 60 25 26 28 41 29 27 61 42 51 1 0 63 62 43 50 49 3 44 2 48 47 45 46 
73 74 10 72 11 71 75 9 53 70 8 12 69 52 68 13 7 67 19 20 18 15 17 66 30 31 21 16 14 32 65 64 33 22 35 34 36 37 54 38 23 55 57 56 39 58 6 24 5 4 40 59 41 25 60 26 28 29 27 51 61 42 1 0 63 62 43 50 49 3 2 48 44 47 45 46 
74 73 75 10 11 53 72 9 71 12 8 52 70 69 13 68 7 19 18 30 17 15 20 31 67 16 32 66 21 14 33 65 35 64 22 34 36 37 38 54 23 39 55 6 57 56 58 5 24 40 4 59 41 25 60 26 28 29 51 27 61 1 42 0 63 62 50 43 49 3 2 48 44 47 45 46 
75 53 74 73 10 11 72 9 52 12 71 8 70 30 13 31 17 69 18 7 19 15 68 20 32 16 67 14 21 33 66 35 34 36 65 64 22 37 38 39 54 23 6 55 57 56 58 5 24 40 4 41 59 25 60 26 28 51 29 27 1 61 42 0 50 49 63 62 3 43 2 48 44 47 45 46 
