0 1 42 16 15 17 14 13 5 25 23 18 22 12 24 44 26 33 41 4 35 37 6 39 19 2 36 34 27 28 7 20 8 9 29 30 21 31 32 10 38 43 11 40 3 
1 0 16 15 42 14 13 17 5 12 25 4 23 18 6 22 24 2 44 26 41 33 35 39 19 37 34 36 7 27 8 9 28 20 29 31 30 32 21 3 10 38 43 11 40 
2 44 20 21 39 19 18 34 11 17 3 1 38 43 16 0 40 10 42 15 31 32 35 30 13 14 9 29 8 5 7 37 12 28 36 4 6 25 23 22 33 24 26 27 41 
3 43 38 40 11 10 31 32 30 21 9 29 8 7 28 20 2 4 44 6 22 34 19 39 12 41 26 24 5 18 23 33 25 27 13 14 17 15 1 16 35 0 37 36 42 
4 6 22 12 5 24 41 26 25 7 13 28 8 23 29 14 9 30 31 33 32 15 1 3 10 0 27 43 40 38 16 42 11 37 36 17 35 21 20 2 44 18 34 39 19 
5 12 13 6 4 14 22 25 24 23 26 15 41 28 7 1 33 8 29 0 30 9 31 16 32 42 27 17 36 37 3 10 35 43 40 38 2 11 44 18 34 21 39 19 20 
6 4 12 5 22 7 24 26 8 13 25 28 41 29 23 14 9 30 31 32 33 15 1 10 0 40 3 27 43 38 16 42 11 37 36 17 35 21 2 44 20 18 34 39 19 
7 8 9 6 4 31 30 32 28 29 12 22 10 5 41 3 24 26 43 38 25 23 40 13 33 11 14 27 15 21 1 0 20 2 42 16 37 36 34 35 44 17 39 19 18 
8 7 9 28 30 29 31 4 32 6 10 22 12 3 43 5 41 38 24 26 40 23 25 11 33 13 14 21 27 15 1 20 0 2 42 34 37 16 36 44 35 39 19 17 18 
9 8 7 29 28 30 31 10 32 4 43 6 38 3 40 22 11 12 41 24 26 5 23 25 21 33 13 27 14 20 15 1 2 34 0 44 39 19 42 37 36 35 16 18 17 
10 43 38 11 40 3 9 31 30 32 29 8 21 28 7 20 22 4 41 6 24 26 34 23 33 25 2 44 12 39 19 27 5 18 13 14 15 0 1 35 37 17 36 42 16 
11 38 43 40 21 10 3 20 30 31 9 29 32 28 2 44 34 8 39 19 7 18 41 22 4 24 26 33 23 25 6 27 12 17 35 5 13 14 16 42 0 1 15 37 36 
12 5 6 4 13 22 25 14 24 26 23 41 28 7 15 8 33 29 1 9 30 0 31 32 16 42 27 3 10 17 36 37 43 40 38 35 11 2 44 18 21 34 39 19 20 
13 14 5 12 15 22 4 1 6 25 24 23 0 41 26 16 33 42 28 7 17 29 8 27 9 30 31 32 36 37 35 2 3 44 18 10 43 38 39 34 19 40 11 21 20 
14 13 15 5 12 22 1 25 24 41 0 23 4 26 6 16 42 33 17 28 7 29 8 27 37 36 31 30 9 32 35 18 44 2 10 3 43 39 19 38 34 40 11 20 21 
15 14 0 1 13 16 42 25 5 17 12 24 23 26 41 22 4 33 6 37 36 18 27 44 35 28 2 7 29 8 30 39 19 31 9 34 32 20 10 43 3 38 40 21 11 
16 0 17 42 1 15 14 13 18 44 25 5 23 19 39 24 2 12 26 37 33 36 22 41 34 35 4 6 27 20 28 29 21 7 8 30 9 38 31 43 11 40 3 32 10 
17 16 42 0 18 1 15 44 19 39 14 2 13 34 37 25 36 23 35 20 24 26 33 5 12 22 41 27 21 4 6 38 40 43 11 28 3 29 7 8 10 30 9 31 32 
18 19 44 39 2 17 20 34 16 42 0 21 1 40 15 11 38 43 35 37 3 36 14 10 13 25 30 23 29 28 24 33 31 26 27 5 41 32 22 12 9 4 6 8 7 
19 39 44 18 2 20 34 21 17 40 11 42 16 38 43 0 1 3 10 35 15 30 29 37 28 31 36 32 14 9 13 25 23 8 41 33 24 26 7 27 5 22 12 4 6 
20 21 39 19 44 11 40 2 18 38 34 43 3 10 30 29 17 31 28 9 32 42 16 8 0 35 41 7 1 22 24 26 27 33 15 37 23 25 4 36 6 14 12 13 5 
21 11 20 19 39 40 38 43 10 3 44 2 34 30 18 29 31 9 28 32 8 7 41 17 22 24 26 33 23 4 27 35 42 25 16 0 6 1 12 5 37 15 36 14 13 
22 24 4 41 26 25 6 23 12 5 13 14 28 33 29 7 8 15 9 30 31 0 27 32 1 10 43 38 42 16 40 3 11 36 37 17 35 21 20 44 18 39 34 19 2 
23 24 25 33 41 22 26 12 4 5 14 13 6 27 28 15 29 0 7 8 1 42 30 9 36 37 16 31 17 32 10 40 43 38 35 3 11 18 21 44 20 19 39 34 2 
24 25 26 23 22 41 4 33 12 6 14 5 28 13 15 29 27 7 8 9 30 0 31 42 1 16 32 37 36 10 40 17 43 38 3 11 35 21 18 20 44 19 39 34 2 
25 24 26 23 41 22 12 33 4 5 14 6 13 15 28 27 29 0 7 8 42 1 16 30 9 31 37 36 17 32 10 40 43 38 3 35 11 18 21 44 19 39 20 34 2 
26 24 25 22 41 23 4 12 6 28 14 5 33 13 15 29 7 8 30 9 27 31 0 42 32 1 16 10 40 17 37 43 38 36 3 11 21 35 18 20 44 19 39 34 2 
27 33 37 36 23 24 25 26 41 22 28 29 4 14 12 30 13 5 15 6 8 9 31 7 35 0 42 40 16 32 10 43 38 1 17 3 11 21 20 18 44 19 39 34 2 
28 29 4 12 30 9 8 31 22 7 26 6 41 24 32 25 40 10 23 5 43 38 33 3 13 11 14 27 21 20 15 37 0 36 42 19 39 16 1 34 18 44 17 2 35 
29 30 28 31 9 32 8 7 10 4 43 40 6 38 22 3 12 26 41 24 5 11 25 23 33 21 13 27 14 20 15 19 39 44 34 2 37 0 36 18 16 1 42 17 35 
30 31 29 32 28 9 10 8 43 7 38 3 40 4 6 11 22 12 26 41 24 5 21 25 23 33 20 27 13 14 15 2 44 19 39 34 18 0 37 36 1 16 42 17 35 
31 30 32 29 9 3 10 28 8 7 43 38 40 4 6 11 22 12 21 26 41 24 5 25 23 33 20 13 14 27 2 15 44 34 19 39 18 1 0 37 36 16 42 17 35 
32 31 30 29 9 3 7 8 10 28 43 38 40 6 4 11 22 12 5 26 41 21 24 25 23 33 13 14 20 27 2 15 44 34 19 39 1 18 0 37 36 16 42 35 17 
33 23 24 27 25 41 22 26 4 12 14 28 5 13 6 36 15 37 29 8 7 0 30 9 42 1 31 16 32 10 40 17 35 43 38 3 11 21 18 20 44 19 39 34 2 
34 44 39 19 18 20 2 21 11 35 17 38 43 40 10 16 0 42 3 1 37 15 30 31 36 29 9 32 28 14 8 13 7 5 23 25 12 33 22 24 41 26 27 4 6 
35 37 36 34 0 42 1 17 16 44 15 33 27 18 39 14 19 23 13 2 25 22 24 5 12 20 41 4 26 21 6 11 8 9 38 7 43 28 40 10 29 3 30 31 32 
36 37 35 27 33 23 25 16 15 24 17 42 14 0 13 26 22 41 1 5 12 18 4 28 6 34 19 44 39 29 30 2 7 8 31 9 20 32 40 43 10 38 3 21 11 
37 36 35 27 33 23 25 17 16 42 15 0 24 14 26 1 13 22 41 18 5 12 4 34 28 44 19 39 6 29 2 30 8 7 9 20 31 40 32 10 43 38 21 3 11 
38 43 40 3 11 10 21 30 31 29 32 9 20 28 8 7 44 2 39 19 34 22 4 41 18 24 26 6 33 23 25 27 12 5 17 14 13 16 35 15 0 37 1 42 36 
39 19 44 18 2 20 34 21 17 40 11 42 16 38 43 0 1 3 10 35 15 30 29 37 31 28 36 14 32 9 13 23 25 8 33 24 41 26 7 5 27 22 12 4 6 
40 43 38 11 3 10 21 30 29 31 20 28 9 32 8 7 19 39 41 34 44 18 22 6 24 26 4 2 23 33 25 27 12 5 17 14 13 42 35 16 37 15 36 0 1 
41 24 22 26 25 23 4 14 12 28 6 33 5 13 15 29 7 8 9 30 27 31 42 40 0 10 32 1 16 43 38 11 36 37 3 17 21 35 20 18 19 39 44 34 2 
42 0 16 1 17 15 14 13 18 25 23 39 19 24 41 26 44 33 5 22 37 12 35 36 34 4 2 27 6 20 28 21 8 7 29 9 30 40 11 31 38 10 43 32 3 
43 38 3 40 11 10 21 30 31 29 32 9 28 20 8 7 44 2 22 34 39 19 4 41 24 26 6 18 23 33 25 27 12 5 14 13 17 15 16 35 0 37 1 36 42 
44 39 2 19 18 20 34 17 21 16 11 0 38 43 1 42 40 3 15 35 10 14 30 31 37 13 29 36 32 9 28 5 8 23 25 12 22 33 24 7 26 4 27 41 6 
