0 1 42 43 2 41 40 3 31 39 28 38 29 30 4 37 5 23 36 22 6 35 7 24 26 25 27 34 8 9 10 33 11 32 19 17 20 18 16 15 14 21 13 12 
1 0 2 42 41 43 3 40 31 39 28 38 4 29 30 5 37 23 6 36 22 35 7 24 26 25 27 8 9 34 10 11 33 19 20 32 17 21 18 16 15 14 13 12 
2 1 0 3 42 43 41 40 4 31 28 39 29 38 30 5 37 6 23 7 36 22 35 8 9 24 26 25 27 10 34 11 33 20 19 21 32 18 17 16 15 14 13 12 
3 2 4 1 0 42 41 43 5 40 28 31 29 39 30 6 38 7 8 9 37 10 23 24 26 25 27 36 22 11 35 20 19 34 21 18 16 17 15 33 14 13 12 32 
4 5 3 2 6 1 0 7 42 41 43 40 28 31 8 9 29 39 30 10 38 11 24 26 27 25 37 20 19 21 23 36 22 18 35 16 17 15 14 13 12 32 34 33 
5 4 6 7 3 8 9 2 10 1 0 42 11 41 43 40 28 24 31 26 27 25 29 39 30 20 38 19 21 18 17 16 15 14 37 13 12 23 32 36 22 35 33 34 
6 7 5 8 9 4 10 11 3 2 24 1 26 20 27 25 21 19 0 42 41 43 18 40 17 16 28 31 15 14 29 13 30 39 12 38 32 33 37 23 22 36 34 35 
7 8 6 9 10 5 11 4 20 24 21 19 3 26 27 25 18 2 17 16 15 1 14 0 13 42 12 41 43 32 40 28 31 29 30 39 33 38 34 37 23 22 36 35 
8 9 10 7 11 6 5 20 21 19 4 25 18 24 17 16 27 15 26 14 13 3 12 32 2 1 0 33 42 41 43 40 28 31 29 34 30 39 38 22 23 35 36 37 
9 8 10 7 11 6 5 20 21 19 4 25 18 24 17 16 27 26 15 14 13 3 12 32 2 1 0 42 33 41 43 40 28 31 29 30 39 34 38 22 23 35 37 36 
10 9 8 11 7 6 20 21 19 5 18 17 16 15 14 25 4 13 24 12 27 26 32 3 33 2 1 0 42 41 43 34 40 28 31 29 30 39 38 22 23 35 36 37 
11 10 20 9 8 21 19 7 18 6 17 16 15 14 13 12 5 32 25 4 24 33 27 26 3 34 2 1 0 42 41 43 22 23 28 40 31 35 29 36 30 39 38 37 
12 13 32 14 15 16 17 18 33 19 21 20 34 11 35 22 36 10 23 8 9 37 7 6 24 25 38 39 5 26 27 31 40 43 28 4 41 42 29 0 30 1 3 2 
13 14 12 32 15 16 17 18 33 19 21 20 34 11 22 10 35 23 8 36 9 7 37 6 24 25 5 26 38 27 39 4 40 43 31 41 28 42 0 29 3 1 30 2 
14 13 15 16 12 17 18 32 19 21 20 33 34 11 10 22 8 9 35 23 36 7 37 6 24 25 5 26 27 38 39 4 43 40 41 42 31 28 0 3 1 29 2 30 
15 16 14 13 17 18 12 32 19 21 20 33 11 34 10 8 9 22 23 35 7 36 6 37 25 24 5 26 27 4 39 38 43 40 3 42 41 0 31 28 1 2 29 30 
16 15 17 18 14 13 12 19 32 21 20 33 11 34 10 8 9 22 7 23 35 36 6 25 24 37 5 26 27 4 39 38 43 3 40 42 0 41 1 2 31 28 29 30 
17 18 16 15 14 13 12 19 21 20 32 33 11 34 10 8 9 22 7 23 35 36 6 37 25 24 5 26 27 4 43 39 38 0 3 42 40 1 41 2 31 28 29 30 
18 17 16 15 14 19 13 21 20 12 32 11 33 10 8 9 34 7 22 23 6 35 36 5 25 24 37 26 27 4 43 3 39 38 0 1 42 40 2 41 31 28 29 30 
19 20 21 18 17 16 15 14 13 11 12 32 10 8 9 33 7 6 34 5 22 23 25 35 24 4 36 26 27 3 37 2 1 0 42 41 43 28 31 40 39 38 29 30 
20 19 21 18 17 16 15 11 14 13 10 12 32 8 9 7 33 6 34 5 22 25 23 4 24 35 27 26 36 3 37 2 1 0 42 41 43 28 40 31 39 38 29 30 
21 20 19 18 17 16 15 11 14 13 12 10 32 9 8 33 7 6 34 5 22 23 35 4 25 24 36 27 26 3 37 2 1 0 42 43 41 39 38 28 40 31 29 30 
22 23 35 36 37 34 33 38 39 32 40 43 31 41 42 28 13 14 29 12 0 30 15 1 16 17 2 18 3 19 21 20 4 26 27 24 25 11 5 10 8 6 9 7 
23 22 36 35 37 34 38 39 33 40 43 41 31 42 28 29 0 30 32 1 2 14 13 12 15 17 16 18 3 19 21 20 4 24 26 27 25 5 11 10 6 8 9 7 
24 25 26 27 7 8 9 6 10 5 11 4 42 31 41 28 0 3 1 43 2 40 29 30 39 19 38 16 15 20 18 17 14 13 21 32 23 12 37 22 33 36 35 34 
25 24 26 27 8 9 7 10 6 11 5 4 31 28 42 3 41 0 1 2 40 29 43 30 19 20 16 39 15 38 17 18 14 21 13 32 12 23 22 37 33 36 35 34 
26 27 25 24 7 8 9 6 10 5 4 31 28 11 42 3 41 0 29 1 2 40 43 30 39 38 19 20 16 15 18 17 22 23 37 14 21 13 32 12 36 35 33 34 
27 26 25 24 7 8 9 6 10 5 11 4 28 31 3 42 0 41 29 2 1 40 43 30 39 38 19 20 16 18 15 17 22 21 23 37 14 13 32 12 36 35 33 34 
28 31 29 30 40 41 42 39 38 43 0 1 2 3 37 36 4 23 35 22 5 26 24 27 25 34 6 7 33 9 8 10 11 32 12 13 14 15 19 16 20 18 17 21 
29 30 28 31 40 41 38 39 42 43 0 1 2 37 3 36 23 4 22 35 5 26 27 24 25 34 6 7 33 9 8 10 32 11 12 13 14 15 19 16 20 17 18 21 
30 29 28 31 40 38 41 39 42 43 0 1 2 37 3 36 23 4 22 35 5 26 27 24 25 34 6 7 33 9 8 10 32 11 12 13 14 15 19 16 20 17 18 21 
31 28 29 30 40 41 38 39 42 43 0 1 2 37 3 36 23 4 35 22 5 34 26 24 25 27 6 7 33 9 8 10 32 12 11 13 14 15 19 16 17 20 18 21 
32 13 14 12 33 15 16 17 18 34 19 21 20 22 35 23 11 36 10 37 8 9 7 6 25 38 39 24 26 27 43 40 31 41 5 42 0 28 1 29 30 2 4 3 
33 32 34 12 13 14 15 16 17 35 22 18 23 36 19 21 20 37 11 38 39 10 8 9 40 43 31 41 42 28 0 29 7 1 30 2 25 24 6 26 27 3 5 4 
34 33 35 22 36 23 32 12 13 37 14 15 16 17 18 38 39 19 21 20 31 40 43 28 41 42 29 0 30 1 11 2 10 3 8 9 26 7 27 25 24 4 6 5 
35 36 22 23 34 37 33 38 39 32 31 40 28 12 43 29 41 13 42 30 14 0 15 1 16 17 2 18 19 3 21 20 4 26 27 25 24 11 5 10 8 9 6 7 
36 35 22 37 23 34 38 39 33 31 40 28 43 29 41 30 42 32 0 1 12 13 2 14 15 16 17 3 18 19 21 20 4 26 27 24 25 5 11 6 10 8 9 7 
37 36 23 38 35 22 39 31 40 28 29 43 41 30 42 34 0 1 2 33 3 32 12 13 14 4 15 16 17 18 5 26 24 27 25 19 21 20 6 7 11 9 8 10 
38 39 40 31 43 41 28 37 42 29 30 0 1 36 2 23 22 35 3 4 34 5 33 24 26 25 27 6 32 12 7 13 14 15 16 17 9 8 18 10 11 19 21 20 
39 38 40 43 41 31 42 28 29 0 37 30 1 2 36 23 3 22 35 4 34 5 33 24 26 25 6 27 32 7 12 13 14 15 9 8 16 17 18 10 11 19 21 20 
40 41 42 43 39 0 31 38 1 28 29 2 30 3 37 23 4 36 22 35 5 34 6 24 26 25 27 7 33 9 8 10 32 11 12 13 14 15 17 16 18 19 20 21 
41 42 40 0 43 1 31 39 2 28 38 29 30 3 37 4 23 36 22 5 35 6 24 26 25 34 27 7 9 8 33 10 11 32 12 13 14 15 17 19 16 20 18 21 
42 41 0 40 1 43 2 31 39 28 38 29 3 30 4 37 23 5 36 22 35 6 24 26 25 7 27 34 9 8 33 10 11 32 19 17 14 15 13 16 20 12 18 21 
43 0 42 40 41 1 39 2 38 31 28 3 29 30 37 4 23 36 22 5 35 6 34 24 26 25 27 7 33 9 8 10 32 11 17 16 18 15 14 13 12 19 20 21 
