0 10 9 8 11 12 13 1 2 14 7 6 3 4 5 
1 14 13 2 12 11 10 5 0 7 9 6 3 4 8 
2 12 13 11 1 14 7 3 5 10 4 6 9 0 8 
3 4 7 6 11 2 12 5 13 10 9 0 1 14 8 
4 3 7 6 11 2 12 5 13 10 9 0 14 1 8 
5 2 3 7 13 14 12 11 1 4 6 10 9 0 8 
6 7 4 3 11 2 9 12 8 5 13 0 10 14 1 
7 3 4 6 11 12 2 5 13 10 9 14 0 1 8 
8 9 0 10 11 6 12 7 2 13 3 4 1 14 5 
9 0 8 10 11 12 6 2 13 7 1 3 4 14 5 
10 0 9 11 12 13 8 2 1 14 7 3 4 6 5 
11 12 2 7 13 3 4 10 6 9 14 1 0 5 8 
12 2 11 13 14 10 1 7 3 9 4 5 0 6 8 
13 2 12 11 14 1 10 5 7 3 0 9 4 6 8 
14 1 13 2 12 11 10 5 0 7 6 9 3 4 8 
