0 1 2 3 4 18 5 29 28 19 27 26 36 24 37 23 35 38 25 39 34 22 40 33 30 21 31 20 41 32 11 10 9 12 13 7 8 14 6 16 15 17 
1 0 2 3 4 5 29 18 19 28 27 26 23 36 37 22 35 24 21 38 39 30 20 31 25 40 34 41 33 32 11 10 13 12 9 8 7 14 6 15 16 17 
2 1 3 0 4 5 28 29 27 18 19 26 21 22 20 30 31 23 36 37 39 41 40 35 24 38 25 34 33 32 9 10 11 7 8 6 12 13 14 16 15 17 
3 4 2 1 5 0 29 26 27 19 28 18 30 20 31 41 40 21 39 38 37 36 22 35 23 24 34 25 33 32 17 8 10 9 7 6 11 15 14 16 13 12 
4 3 5 2 1 0 26 27 28 29 19 18 30 31 41 40 39 38 37 20 36 21 35 22 34 23 33 24 25 32 17 7 8 6 9 10 16 11 14 15 13 12 
5 4 3 2 1 0 26 27 29 19 28 18 41 40 39 38 31 37 30 36 35 20 34 33 21 32 22 24 25 23 17 16 6 8 15 7 9 10 11 14 13 12 
6 7 8 9 10 11 15 17 16 14 13 12 32 33 34 35 36 37 38 39 40 41 31 30 20 21 22 23 24 25 5 4 3 2 1 0 26 27 19 29 28 18 
7 8 6 9 10 11 16 14 13 12 15 17 32 33 34 35 36 37 38 39 40 41 31 30 20 21 22 23 24 25 4 5 3 2 1 0 28 27 26 29 18 19 
8 9 7 10 6 11 15 14 13 16 17 12 32 33 34 35 36 37 38 39 40 41 31 30 20 21 22 23 24 25 3 5 4 2 1 0 28 19 26 27 29 18 
9 8 10 11 7 6 13 14 12 16 15 17 32 33 34 35 36 37 38 39 40 41 31 30 20 21 22 23 24 25 2 3 4 1 0 5 28 27 29 18 26 19 
10 11 9 8 7 6 15 13 14 12 16 17 32 34 35 33 36 37 38 39 40 41 31 30 20 21 22 23 24 25 2 1 3 0 4 5 19 29 28 18 27 26 
11 10 9 8 7 6 13 12 14 15 16 17 34 35 36 32 33 37 38 39 40 41 31 30 20 21 22 23 24 25 0 1 2 3 4 5 28 18 19 29 27 26 
12 13 14 16 15 17 11 9 10 7 8 6 32 41 31 34 33 30 20 40 21 35 38 22 39 36 37 23 24 25 18 19 29 28 1 0 27 26 2 3 4 5 
13 12 14 16 15 17 11 9 10 7 8 6 32 33 34 35 31 41 36 30 20 38 37 40 21 39 22 23 24 25 18 19 29 28 1 27 0 26 2 3 4 5 
14 13 16 12 15 17 9 11 7 10 8 6 34 33 35 36 37 38 32 39 31 30 41 40 20 21 22 23 24 25 28 29 19 27 18 26 0 1 2 4 3 5 
15 14 16 17 13 12 10 8 6 9 11 7 34 35 36 37 38 39 40 33 41 31 30 20 21 32 22 23 24 25 29 28 27 19 5 26 18 3 4 1 2 0 
16 14 15 17 13 12 7 9 8 11 10 6 35 36 37 38 34 39 40 41 31 33 30 20 21 22 32 23 24 25 5 27 28 26 29 19 18 4 2 3 0 1 
17 15 16 14 13 12 6 8 10 9 7 11 37 38 39 36 40 41 35 31 34 30 20 21 22 33 23 24 32 25 5 4 26 3 27 28 29 19 18 2 1 0 
18 19 29 28 27 26 1 0 2 3 4 5 31 30 41 20 40 39 24 25 23 21 22 38 37 36 35 34 33 32 12 13 14 15 16 17 11 10 9 7 8 6 
19 29 18 28 27 26 1 3 2 0 4 5 25 24 31 23 30 41 20 40 22 21 39 38 37 36 35 34 33 32 13 15 12 14 16 17 10 11 8 9 6 7 
20 21 30 31 22 41 23 40 24 39 25 38 37 36 35 34 33 32 3 26 4 27 2 28 29 19 15 5 17 18 1 14 13 16 12 0 10 8 6 11 9 7 
21 20 22 30 23 31 24 41 25 40 39 38 37 36 35 34 33 32 26 3 27 2 28 29 4 19 1 15 17 18 14 13 16 5 12 0 10 8 6 11 9 7 
22 21 23 20 24 30 25 31 41 40 39 38 37 36 35 34 33 32 26 27 2 28 3 29 1 19 15 4 18 17 0 14 13 16 12 5 10 8 6 11 9 7 
23 24 22 25 21 20 30 31 41 40 39 38 37 36 35 34 33 32 26 27 28 29 1 19 2 3 0 18 4 15 17 14 13 16 12 5 10 8 6 11 9 7 
24 25 23 22 21 20 30 31 41 40 39 38 37 36 35 34 33 32 26 27 28 29 19 1 2 3 0 18 4 15 17 5 14 13 16 12 10 8 6 11 9 7 
25 24 23 22 21 20 30 31 41 40 39 38 37 36 35 34 33 32 27 26 28 29 19 2 3 1 18 0 4 5 15 17 14 13 16 12 10 8 6 11 9 7 
26 27 28 29 19 18 4 3 5 2 1 0 24 23 22 25 21 20 30 31 41 40 39 38 37 36 35 34 33 32 17 16 15 14 13 12 7 6 8 9 10 11 
27 28 26 29 19 18 4 2 3 1 5 0 25 24 23 22 21 20 30 31 41 40 39 38 37 36 35 34 33 32 16 15 14 17 13 12 7 9 6 8 10 11 
28 27 29 26 19 18 2 4 1 3 0 5 25 24 23 22 30 21 20 31 41 40 39 38 37 36 35 34 33 32 14 16 15 13 12 17 7 9 11 8 10 6 
29 19 28 18 27 26 1 2 3 4 0 5 25 24 23 31 30 22 41 20 21 40 39 38 37 36 35 34 33 32 14 15 13 12 16 17 10 7 9 11 8 6 
30 31 20 21 41 40 22 39 23 24 38 37 25 36 35 34 33 32 4 3 5 26 27 2 19 29 17 28 15 18 14 1 13 16 12 0 10 8 11 6 9 7 
31 30 41 20 40 21 39 22 38 37 23 36 24 25 35 34 33 32 4 5 3 17 26 29 19 27 2 15 28 16 18 14 13 1 12 0 10 8 11 9 6 7 
32 33 34 35 36 37 38 39 40 41 31 30 20 21 22 23 24 25 6 7 8 9 13 10 14 12 15 11 3 16 5 1 2 4 0 17 19 29 26 27 18 28 
33 34 32 35 36 37 38 39 40 41 31 30 20 21 22 23 24 25 6 7 8 14 15 9 13 10 16 11 3 12 1 5 2 4 0 17 19 29 18 27 26 28 
34 33 35 32 36 37 38 39 40 41 31 30 20 21 22 23 24 25 15 16 14 6 7 8 17 9 10 13 11 3 5 1 2 12 4 0 19 29 18 27 26 28 
35 36 34 37 33 38 32 39 40 41 31 30 20 21 22 23 24 25 16 15 14 17 6 5 10 3 8 1 2 7 9 4 13 11 0 12 19 29 18 27 26 28 
36 37 35 38 39 34 40 33 41 32 31 30 20 21 22 23 24 25 16 17 15 5 14 4 3 2 1 10 0 6 9 11 8 13 7 19 29 18 12 27 28 26 
37 36 38 39 35 40 34 41 33 31 30 20 32 21 22 23 24 25 17 16 15 5 4 3 14 2 1 0 10 9 8 11 19 13 29 6 18 27 28 26 7 12 
38 37 39 40 36 35 41 31 34 30 33 20 21 32 22 23 24 25 17 16 5 15 4 3 14 2 1 0 19 10 29 13 8 11 9 18 27 28 26 6 12 7 
39 40 38 37 41 36 31 30 35 20 21 34 22 33 23 24 32 25 5 17 16 4 15 3 2 19 14 29 1 28 18 27 26 0 13 10 8 12 11 9 6 7 
40 39 41 31 38 30 37 20 36 21 35 22 34 23 33 24 25 32 5 17 4 16 3 15 19 2 29 28 27 14 18 26 1 13 0 12 10 8 11 9 6 7 
41 31 40 30 39 20 38 21 37 22 36 35 23 24 34 33 25 32 5 4 17 3 16 15 19 29 26 2 28 27 18 14 13 1 12 0 10 8 11 9 6 7 
