0 13 22 16 10 11 12 3 8 17 21 23 25 2 18 9 1 7 15 24 19 6 14 20 4 5 
1 2 19 9 18 20 24 17 3 12 8 13 11 23 16 14 22 0 10 4 15 25 5 7 21 6 
2 1 18 9 19 17 12 3 24 8 13 11 20 23 16 22 0 10 14 15 4 25 7 21 5 6 
3 12 13 11 8 16 17 22 0 23 10 2 18 1 9 19 25 24 15 21 7 20 14 6 4 5 
4 5 14 20 24 19 18 15 1 2 6 9 17 23 12 7 8 3 11 13 16 22 0 10 21 25 
5 4 6 14 20 24 19 7 21 1 18 25 9 2 15 17 0 10 23 8 12 22 3 16 13 11 
6 7 25 5 21 15 4 22 16 0 10 23 13 3 11 12 17 8 14 18 20 2 9 24 1 19 
7 25 15 6 23 21 22 16 0 17 13 14 3 11 12 10 8 18 24 2 5 9 19 1 4 20 
8 12 3 13 11 17 10 16 22 0 9 2 18 23 1 19 24 25 21 15 20 14 7 4 6 5 
9 2 1 18 19 8 17 20 12 3 24 13 11 23 16 22 10 0 14 15 4 25 21 7 5 6 
10 0 13 22 8 11 16 12 3 21 17 25 23 9 2 18 1 7 15 19 24 6 14 20 4 5 
11 13 12 3 16 8 22 0 17 10 23 2 18 9 1 25 21 15 24 19 7 14 20 6 4 5 
12 3 13 11 8 17 16 22 0 23 10 2 18 9 1 25 19 24 15 21 7 20 14 6 4 5 
13 11 3 12 16 8 0 22 17 10 23 2 18 9 1 25 21 15 19 24 7 14 20 6 4 5 
14 24 15 4 19 18 20 23 17 1 2 7 9 5 12 16 3 11 22 13 8 0 10 25 21 6 
15 23 7 14 17 16 22 24 18 25 12 13 3 11 0 19 8 2 21 10 4 1 9 6 20 5 
16 22 13 11 3 12 0 23 17 8 10 25 21 18 2 15 7 9 1 24 19 14 20 6 4 5 
17 12 23 3 13 16 11 18 22 8 2 1 9 0 19 24 10 15 20 25 14 7 21 4 6 5 
18 2 19 24 1 17 9 20 23 12 3 8 13 11 16 14 22 15 0 10 4 25 7 21 5 6 
19 20 24 18 1 2 9 17 14 23 3 12 8 4 13 11 16 15 22 0 10 5 7 25 21 6 
20 19 24 18 1 9 2 14 4 17 23 12 8 3 5 11 13 15 16 22 0 10 7 25 21 6 
21 25 22 0 10 16 7 13 11 6 12 23 3 8 17 15 18 9 2 5 24 14 1 19 20 4 
22 16 13 0 11 12 3 23 17 10 25 8 21 15 18 7 2 9 1 24 19 14 6 20 4 5 
23 17 16 22 15 12 3 13 11 18 0 8 24 25 2 7 10 14 19 9 1 21 20 6 4 5 
24 19 18 20 14 1 2 17 9 23 15 4 12 3 8 11 13 16 22 0 10 5 7 25 21 6 
25 21 22 7 16 0 23 10 6 13 11 15 12 3 17 8 18 2 9 24 14 1 19 5 20 4 
