0 1 2 3 4 5 6 7 8 14 15 18 16 17 22 23 21 13 24 25 26 19 27 28 12 29 9 30 11 20 10 
1 0 2 3 4 5 6 7 8 14 15 18 16 17 22 23 21 13 24 25 26 19 27 12 28 29 9 30 11 20 10 
2 1 3 4 0 5 6 7 8 15 14 18 16 17 22 23 21 13 24 25 26 19 27 12 28 29 9 30 11 20 10 
3 4 2 1 5 0 6 7 8 15 18 16 14 17 22 23 13 21 24 25 19 26 27 12 28 29 30 9 11 20 10 
4 3 5 2 1 0 6 7 8 16 18 15 17 14 22 23 13 21 24 25 19 26 27 12 28 29 30 20 9 11 10 
5 4 3 2 1 0 6 7 8 16 15 17 18 14 22 23 21 13 19 24 25 26 30 27 29 28 20 12 9 11 10 
6 4 3 2 5 1 0 7 8 22 23 17 16 21 18 15 24 14 25 19 26 27 30 29 28 20 13 9 12 10 11 
7 8 6 5 2 4 3 1 0 23 22 19 21 24 25 26 27 29 28 30 20 9 17 16 18 15 14 10 13 11 12 
8 7 6 5 2 4 1 3 0 23 22 21 19 24 25 26 27 29 28 30 20 9 10 11 17 16 18 15 14 12 13 
9 10 19 11 12 20 29 28 30 27 13 26 24 25 8 21 23 22 7 14 17 18 15 16 6 5 2 4 3 1 0 
10 11 9 12 19 13 20 30 29 28 17 16 27 14 26 18 15 24 25 21 8 23 22 7 6 5 4 2 3 1 0 
11 10 12 9 13 19 16 17 18 15 14 20 30 29 28 27 26 25 24 21 23 22 8 7 4 3 5 2 1 0 6 
12 13 11 10 16 17 18 15 14 9 19 20 30 29 28 27 26 5 4 3 2 1 25 0 24 6 21 23 22 8 7 
13 12 16 15 18 14 17 11 10 9 19 4 1 3 5 2 0 20 30 6 29 28 27 26 25 7 24 21 23 8 22 
14 15 18 16 17 13 12 11 1 0 2 3 4 10 5 6 9 7 20 19 30 8 29 28 27 26 22 23 25 24 21 
15 18 14 16 17 13 12 11 1 0 2 3 4 5 10 6 9 7 20 19 8 30 29 28 27 26 22 23 25 24 21 
16 18 17 15 14 13 12 11 4 1 3 2 0 5 10 6 9 7 20 19 8 30 29 28 27 26 22 23 25 24 21 
17 16 18 15 14 13 12 11 4 3 10 5 2 1 0 6 9 7 8 20 19 30 29 28 27 22 26 23 25 24 21 
18 16 15 17 14 13 12 11 1 0 2 3 4 5 10 6 9 7 20 19 8 30 29 28 27 26 22 23 25 24 21 
19 9 10 11 28 29 27 26 20 30 8 24 25 21 23 22 7 12 6 13 5 2 1 4 0 3 14 18 15 16 17 
20 30 29 28 27 26 25 24 21 23 22 19 9 10 8 11 7 12 13 6 14 5 15 18 16 17 4 3 2 1 0 
21 24 23 25 22 26 27 28 29 30 20 8 19 7 9 6 10 5 0 1 2 4 3 11 12 13 17 18 16 15 14 
22 23 21 24 25 26 27 28 29 30 8 20 7 19 6 9 5 4 3 2 1 10 0 11 17 12 16 18 15 14 13 
23 22 21 24 25 26 27 28 29 30 8 20 7 19 9 6 5 4 2 3 10 1 0 11 12 17 16 18 15 13 14 
24 25 21 26 23 27 22 28 29 30 20 8 19 7 9 10 6 5 1 0 2 11 3 4 12 13 17 16 18 15 14 
25 24 26 21 27 23 28 22 29 30 20 8 19 7 9 10 6 5 11 1 0 2 4 3 12 13 18 16 17 15 14 
26 27 25 24 28 29 21 23 30 22 20 19 8 9 7 10 11 6 5 1 0 2 3 4 12 13 18 16 15 17 14 
27 26 28 25 29 24 30 21 23 22 20 19 8 9 7 10 11 6 5 12 1 0 2 3 4 13 18 16 15 14 17 
28 29 27 26 30 25 24 20 21 23 22 19 9 8 10 7 11 6 12 5 13 2 1 0 4 3 14 18 15 16 17 
29 28 30 27 26 20 25 24 21 23 22 19 9 8 10 7 11 6 12 5 13 14 4 15 18 2 1 3 16 0 17 
30 29 20 28 27 26 25 24 21 23 22 19 9 8 10 7 11 12 6 5 13 14 15 18 16 4 17 3 2 1 0 
