0 10 9 7 8 13 6 5 3 14 4 2 15 1 16 11 17 12 22 18 19 21 20 
1 11 2 12 22 4 21 3 20 5 6 19 7 9 0 10 18 8 13 17 14 16 15 
2 3 4 1 5 6 11 7 12 22 9 0 10 8 21 13 20 14 19 18 15 16 17 
3 4 5 6 2 7 9 1 10 0 8 13 11 14 12 22 15 21 20 16 19 17 18 
4 3 5 6 2 7 9 1 8 10 0 13 11 14 12 22 15 21 20 16 19 17 18 
5 6 4 3 7 2 9 8 13 10 0 1 14 11 15 12 22 16 21 20 17 19 18 
6 5 4 7 3 8 9 13 2 10 0 14 1 11 15 12 22 16 21 17 20 19 18 
7 8 6 13 5 10 9 0 4 3 14 2 15 1 16 17 11 12 22 18 21 19 20 
8 13 7 14 10 6 0 5 9 15 4 3 16 2 17 1 18 11 19 12 22 20 21 
9 10 7 0 6 5 8 3 4 13 2 14 15 1 16 11 22 12 17 21 20 18 19 
10 0 9 7 8 13 6 5 3 14 4 2 15 16 1 11 17 12 22 18 19 21 20 
11 12 22 1 21 20 2 19 4 3 18 5 6 9 17 10 0 7 16 8 13 15 14 
12 22 11 21 20 1 19 2 18 4 3 17 5 6 9 16 10 0 7 15 8 13 14 
13 8 14 7 10 6 0 15 5 9 4 3 16 2 17 1 18 19 11 12 22 20 21 
14 13 8 15 7 16 10 0 6 9 5 17 4 3 18 2 19 20 1 21 11 22 12 
15 16 14 13 17 8 7 18 10 0 6 9 19 5 4 20 3 21 2 22 12 11 1 
16 15 17 14 18 13 19 8 20 7 10 21 0 9 6 5 12 22 4 3 11 2 1 
17 16 18 19 15 20 21 14 12 22 13 8 11 7 10 0 9 6 1 5 4 3 2 
18 19 17 20 21 16 22 12 15 11 14 1 13 8 2 10 7 0 9 4 3 6 5 
19 18 20 21 17 22 12 11 16 1 15 2 14 13 4 10 3 8 9 0 5 7 6 
20 21 19 22 12 18 11 1 17 16 2 15 4 3 5 9 6 14 10 13 7 8 0 
21 20 22 12 19 11 18 1 17 2 16 4 3 15 5 9 6 10 14 7 0 8 13 
22 12 21 11 20 1 19 18 2 4 17 3 5 6 9 16 10 0 7 15 8 13 14 
